xof 0303txt 0032
template XSkinMeshHeader {
 <3cf169ce-ff7c-44ab-93c0-f78f62d172e2>
 WORD nMaxSkinWeightsPerVertex;
 WORD nMaxSkinWeightsPerFace;
 WORD nBones;
}

template VertexDuplicationIndices {
 <b8d65549-d7c9-4995-89cf-53a9a8b031e3>
 DWORD nIndices;
 DWORD nOriginalVertices;
 array DWORD indices[nIndices];
}

template SkinWeights {
 <6f0d123b-bad2-4167-a0d0-80224f25fabb>
 STRING transformNodeName;
 DWORD nWeights;
 array DWORD vertexIndices[nWeights];
 array FLOAT weights[nWeights];
 Matrix4x4 matrixOffset;
}

template AnimTicksPerSecond {
 <9e415a43-7ba6-4a73-8743-b73d47e88476>
 DWORD AnimTicksPerSecond;
}


AnimTicksPerSecond {
 4800;
}

Frame Dummy01 {
 

 FrameTransformMatrix {
  1.000000,0.000000,0.000000,0.000000,0.000000,-0.000000,-1.000000,0.000000,0.000000,1.000000,-0.000000,0.000000,0.000000,0.000000,0.000000,1.000000;;
 }

 Frame Bip01 {
  

  FrameTransformMatrix {
   -0.087156,0.982404,-0.165184,0.000000,-0.000002,0.165815,0.986157,0.000000,0.996195,0.085949,-0.014450,0.000000,-0.006629,-0.012284,0.500589,1.000000;;
  }

  Frame Bip01_Pelvis {
   

   FrameTransformMatrix {
    0.000000,1.000000,-0.000001,0.000000,-0.000001,0.000001,1.000000,0.000000,1.000000,0.000000,0.000001,0.000000,0.000000,0.000000,0.000000,1.000000;;
   }

   Frame Bip01_Spine {
    

    FrameTransformMatrix {
     0.993875,-0.019398,-0.108795,0.000000,0.002567,0.988261,-0.152752,0.000000,0.110481,0.151537,0.982258,0.000000,0.051624,-0.000013,-0.000083,1.000000;;
    }

    Frame Bip01_Spine1 {
     

     FrameTransformMatrix {
      0.989924,-0.018220,0.140421,0.000000,0.017117,0.999813,0.009056,0.000000,-0.140560,-0.006561,0.990051,0.000000,0.106492,0.000001,-0.000084,1.000000;;
     }

     Frame Bip01_Neck {
      

      FrameTransformMatrix {
       0.965938,-0.016049,0.258276,0.000000,0.014777,0.999867,0.006866,0.000000,-0.258352,-0.002815,0.966047,0.000000,0.130511,0.000000,0.004626,1.000000;;
      }

      Frame Bip01_Head {
       

       FrameTransformMatrix {
        0.974310,0.047585,-0.220129,0.000000,-0.040399,0.998497,0.037035,0.000000,0.221560,-0.027190,0.974768,0.000000,0.033674,-0.000000,0.000000,1.000000;;
       }

       Frame Bip01_HeadNub {
        

        FrameTransformMatrix {
         1.000000,0.000000,-0.000000,0.000000,-0.000000,1.000000,0.000000,0.000000,0.000000,0.000000,1.000000,0.000000,0.169823,0.000000,0.000000,1.000000;;
        }
       }
      }

      Frame Bip01_L_Clavicle {
       

       FrameTransformMatrix {
        -0.289705,0.957089,-0.007272,0.000000,0.921968,0.277018,-0.270622,0.000000,-0.256995,-0.085105,-0.962658,0.000000,-0.024660,0.015325,0.001695,1.000000;;
       }

       Frame Bip01_L_UpperArm {
        

        FrameTransformMatrix {
         0.575719,-0.816617,0.041042,0.000000,0.711466,0.475586,-0.517334,0.000000,0.402945,0.327039,0.854799,0.000000,0.087086,0.000000,0.000000,1.000000;;
        }

        Frame Bip01_L_Forearm {
         

         FrameTransformMatrix {
          -0.033075,-0.000000,-0.999453,0.000000,0.000000,1.000000,0.000000,0.000000,0.999453,0.000000,-0.033075,0.000000,0.137062,0.000000,0.000000,1.000000;;
         }

         Frame Bip01_L_Hand {
          

          FrameTransformMatrix {
           0.631298,0.534344,-0.562085,0.000000,-0.194122,0.810567,0.552537,0.000000,0.750853,-0.239702,0.615437,0.000000,0.137062,0.000000,-0.000000,1.000000;;
          }

          Frame Bip01_L_Finger0 {
           

           FrameTransformMatrix {
            0.235353,-0.564101,0.791454,0.000000,0.835198,0.533842,0.132129,0.000000,-0.497045,0.629924,0.596778,0.000000,0.057681,-0.023605,-0.000272,1.000000;;
           }

           Frame Bip01_L_Finger0Nub {
            

            FrameTransformMatrix {
             1.000000,-0.000000,0.000000,0.000000,-0.000000,1.000000,-0.000000,0.000000,0.000000,0.000000,1.000000,0.000000,0.029435,0.000000,0.000000,1.000000;;
            }
           }
          }

          Frame Bip01_L_Finger1 {
           

           FrameTransformMatrix {
            0.734090,-0.099616,0.671705,0.000000,-0.028412,0.983809,0.176953,0.000000,-0.678457,-0.148984,0.719375,0.000000,0.084102,0.000000,0.000000,1.000000;;
           }

           Frame Bip01_L_Finger1Nub {
            

            FrameTransformMatrix {
             1.000000,0.000000,0.000000,0.000000,0.000000,1.000000,0.000000,0.000000,-0.000000,0.000000,1.000000,0.000000,0.047988,0.000000,0.000000,1.000000;;
            }
           }
          }
         }
        }
       }
      }

      Frame Bip01_R_Clavicle {
       

       FrameTransformMatrix {
        -0.341398,-0.933102,-0.112999,0.000000,-0.904259,0.293262,0.310343,0.000000,-0.256443,0.208131,-0.943885,0.000000,-0.024156,-0.016099,0.001784,1.000000;;
       }

       Frame Bip01_R_UpperArm {
        

        FrameTransformMatrix {
         0.586936,0.809337,0.021896,0.000000,-0.657695,0.460843,0.595870,0.000000,0.472170,-0.364138,0.802782,0.000000,0.087086,0.000000,0.000000,1.000000;;
        }

        Frame Bip01_R_Forearm {
         

         FrameTransformMatrix {
          0.540070,0.000000,-0.841620,0.000000,-0.000000,1.000000,0.000000,0.000000,0.841620,-0.000000,0.540070,0.000000,0.137062,0.000000,0.000000,1.000000;;
         }

         Frame Bip01_R_Hand {
          

          FrameTransformMatrix {
           0.912975,-0.149135,-0.379784,0.000000,-0.321376,0.310644,-0.894549,0.000000,0.251386,0.938754,0.235682,0.000000,0.137062,-0.000000,-0.000000,1.000000;;
          }

          Frame Bip01_R_Finger0 {
           

           FrameTransformMatrix {
            0.166554,0.297180,0.940183,0.000000,-0.870771,0.491689,-0.001159,0.000000,-0.462622,-0.818491,0.340669,0.000000,0.057681,0.023605,-0.000272,1.000000;;
           }

           Frame Bip01_R_Finger0Nub {
            

            FrameTransformMatrix {
             -1.000000,-0.000000,-0.000000,0.000000,0.000000,1.000000,-0.000000,0.000000,-0.000000,-0.000000,-1.000000,0.000000,0.029435,0.000000,0.000000,1.000000;;
            }
           }
          }

          Frame Bip01_R_Finger1 {
           

           FrameTransformMatrix {
            0.759695,0.000518,0.650279,0.000000,0.000000,1.000000,-0.000796,0.000000,-0.650279,0.000605,0.759695,0.000000,0.084102,-0.000000,0.000000,1.000000;;
           }

           Frame Bip01_R_Finger1Nub {
            

            FrameTransformMatrix {
             -1.000000,-0.000000,0.000000,0.000000,-0.000000,1.000000,-0.000000,0.000000,0.000000,-0.000000,-1.000000,0.000000,0.047988,0.000000,-0.000000,1.000000;;
            }
           }
          }
         }
        }
       }
      }
     }

     Frame Bip01_BackPack {
      

      FrameTransformMatrix {
       0.180560,0.080500,-0.980264,0.000000,0.047560,0.994765,0.090451,0.000000,0.982413,-0.062954,0.175786,0.000000,0.063697,0.000003,-0.088856,1.000000;;
      }

      Frame Bip01_BackPackNub {
       

       FrameTransformMatrix {
        0.000796,0.000003,1.000000,0.000000,-0.000000,-1.000000,0.000003,0.000000,1.000000,-0.000000,-0.000796,0.000000,0.053240,0.000000,0.000000,1.000000;;
       }
      }
     }
    }

    Frame Bip01_L_Thigh {
     

     FrameTransformMatrix {
      -0.884171,-0.059178,0.463400,0.000000,-0.010495,-0.989178,-0.146348,0.000000,0.467046,-0.134260,0.873981,0.000000,-0.052388,0.054444,0.002749,1.000000;;
     }

     Frame Bip01_L_Calf {
      

      FrameTransformMatrix {
       0.959784,0.000000,-0.280741,0.000000,-0.000000,1.000000,0.000000,0.000000,0.280741,0.000000,0.959784,0.000000,0.237500,-0.000000,-0.000000,1.000000;;
      }

      Frame Bip01_L_Foot {
       

       FrameTransformMatrix {
        0.995990,0.050627,0.073762,0.000000,-0.066727,0.969575,0.235526,0.000000,-0.059593,-0.239503,0.969065,0.000000,0.206841,-0.000000,0.000000,1.000000;;
       }

       Frame Bip01_L_Toe0 {
        

        FrameTransformMatrix {
         -0.000000,-0.000000,1.000000,0.000000,0.000000,1.000000,0.000000,0.000000,-1.000000,0.000000,-0.000000,0.000000,0.065373,-0.000000,0.066450,1.000000;;
        }

        Frame Bip01_L_Toe0Nub {
         

         FrameTransformMatrix {
          -1.000000,0.000000,0.000000,0.000000,0.000000,1.000000,0.000000,0.000000,-0.000000,-0.000000,-1.000000,0.000000,0.006735,0.000000,0.000000,1.000000;;
         }
        }
       }
      }
     }
    }

    Frame Bip01_R_Thigh {
     

     FrameTransformMatrix {
      -0.999352,0.014154,-0.033096,0.000000,-0.008562,-0.986526,-0.163383,0.000000,-0.034962,-0.162994,0.986008,0.000000,-0.050246,-0.054710,-0.013988,1.000000;;
     }

     Frame Bip01_R_Calf {
      

      FrameTransformMatrix {
       0.940070,-0.000000,-0.340982,0.000000,0.000000,1.000000,-0.000000,0.000000,0.340982,0.000000,0.940070,0.000000,0.237500,-0.000000,0.000000,1.000000;;
      }

      Frame Bip01_R_Foot {
       

       FrameTransformMatrix {
        0.956404,-0.021285,0.291269,0.000000,0.022175,0.999754,0.000247,0.000000,-0.291202,0.006222,0.956641,0.000000,0.206841,0.000000,0.000000,1.000000;;
       }

       Frame Bip01_R_Toe0 {
        

        FrameTransformMatrix {
         0.406166,0.059861,0.911836,0.000000,-0.145804,0.989314,-0.000001,0.000000,-0.902092,-0.132949,0.410554,0.000000,0.065373,0.000000,0.066450,1.000000;;
        }

        Frame Bip01_R_Toe0Nub {
         

         FrameTransformMatrix {
          1.000000,-0.000000,0.000000,0.000000,0.000000,1.000000,-0.000000,0.000000,-0.000000,0.000000,1.000000,0.000000,0.006735,-0.000000,0.000000,1.000000;;
         }
        }
       }
      }
     }
    }
   }

   Frame Bip01_DressFront {
    

    FrameTransformMatrix {
     -0.880184,-0.088339,0.466338,0.000000,0.121847,0.907542,0.401896,0.000000,-0.458725,0.410564,-0.788041,0.000000,-0.043935,0.001339,0.061057,1.000000;;
    }

    Frame Bip01_DressFront02 {
     

     FrameTransformMatrix {
      0.912593,0.000001,0.408870,0.000000,-0.000001,1.000000,-0.000000,0.000000,-0.408870,-0.000000,0.912593,0.000000,0.183378,-0.000000,-0.000120,1.000000;;
     }

     Frame Bip01_DressFrontNub {
      

      FrameTransformMatrix {
       0.000796,0.000003,1.000000,0.000000,0.000000,-1.000000,0.000003,0.000000,1.000000,-0.000000,-0.000796,0.000000,0.165302,0.000000,-0.000000,1.000000;;
      }
     }
    }
   }

   Frame Bip01_DressBack {
    

    FrameTransformMatrix {
     -0.886022,0.038029,0.462080,0.000000,0.191625,0.937561,0.290274,0.000000,-0.422190,0.345735,-0.837988,0.000000,-0.047673,-0.000048,-0.078302,1.000000;;
    }

    Frame Bip01_DressBack02 {
     

     FrameTransformMatrix {
      0.936852,0.174932,-0.302833,0.000000,-0.166408,0.984581,0.053939,0.000000,0.307600,-0.000139,0.951516,0.000000,0.176125,0.000000,-0.000103,1.000000;;
     }

     Frame Bip01_DressBackNub {
      

      FrameTransformMatrix {
       0.000796,0.000003,1.000000,0.000000,-0.000000,-1.000000,0.000003,0.000000,1.000000,-0.000000,-0.000796,0.000000,0.136508,-0.000000,0.000000,1.000000;;
      }
     }
    }
   }
  }

  Frame Bip01_Prop1 {
   

   FrameTransformMatrix {
    -0.468631,-0.281500,0.837342,0.000000,0.302261,0.839563,0.451412,0.000000,-0.830074,0.464642,-0.308359,0.000000,0.112654,-0.049563,-0.076805,1.000000;;
   }
  }

  Frame Bip01_Prop2 {
   

   FrameTransformMatrix {
    -0.000480,-0.970023,0.243015,0.000000,0.998994,-0.011364,-0.043386,0.000000,0.044847,0.242749,0.969052,0.000000,0.078346,0.086512,0.101878,1.000000;;
   }
  }
 }
}

Frame Translation_Data {
 

 FrameTransformMatrix {
  -0.000000,0.000000,-1.000000,0.000000,-1.000000,-0.000000,0.000000,0.000000,-0.000000,1.000000,0.000000,0.000000,0.000000,-0.000000,0.000000,1.000000;;
 }
}

Frame Body {
 

 FrameTransformMatrix {
  1.000000,0.000000,0.000000,0.000000,0.000000,1.000000,0.000000,0.000000,0.000000,0.000000,1.000000,0.000000,0.000000,0.000000,0.000000,1.000000;;
 }

 Mesh Body {
  617;
  0.061624;0.757356;-0.043183;,
  0.018666;0.783542;-0.038974;,
  0.025451;0.752237;-0.050247;,
  0.070303;0.737590;-0.043646;,
  0.077100;0.726215;-0.044716;,
  0.034753;0.719189;-0.062078;,
  0.049021;0.687222;-0.060764;,
  0.083665;0.694398;-0.028293;,
  0.017008;0.809244;-0.005076;,
  0.059262;0.787427;-0.001501;,
  0.064861;0.790091;0.026188;,
  0.033439;0.794770;0.028937;,
  0.079774;0.554465;0.034973;,
  0.040730;0.554441;0.063222;,
  0.039366;0.564741;0.056946;,
  0.071652;0.563905;0.032900;,
  0.063209;0.557108;-0.022133;,
  0.077120;0.532666;-0.002274;,
  0.033735;0.548669;-0.050264;,
  0.030683;0.494534;-0.031483;,
  0.060123;0.506452;-0.025418;,
  -0.005967;0.719352;-0.067308;,
  -0.004400;0.683787;-0.071150;,
  -0.001156;0.550799;0.067316;,
  -0.003404;0.563004;0.059542;,
  0.040229;0.661141;0.066371;,
  -0.011990;0.661358;0.067158;,
  -0.012948;0.702330;0.068169;,
  0.044155;0.705203;0.066831;,
  0.044675;0.474703;-0.043387;,
  0.045158;0.389570;-0.088671;,
  0.085201;0.375759;-0.067193;,
  0.082172;0.462405;-0.013253;,
  0.040357;0.302496;-0.129327;,
  0.072852;0.285744;-0.091132;,
  -0.002388;0.471739;-0.022785;,
  0.005846;0.430372;0.060627;,
  0.012565;0.348328;0.006999;,
  -0.000191;0.379326;-0.061175;,
  0.022840;0.274873;-0.049150;,
  0.016104;0.286535;-0.089188;,
  0.081646;0.431435;0.039674;,
  0.091087;0.350363;-0.007900;,
  0.063448;0.276956;-0.052483;,
  0.057262;0.010380;-0.122466;,
  0.013473;0.014826;-0.131833;,
  0.011092;0.004455;-0.084186;,
  0.045507;0.001534;-0.079476;,
  0.042155;0.238763;-0.118932;,
  0.039315;0.165678;-0.130830;,
  0.070997;0.157869;-0.106013;,
  0.076038;0.231463;-0.094159;,
  0.040537;0.086555;-0.142709;,
  0.060471;0.079334;-0.115344;,
  0.002665;0.216615;-0.095384;,
  0.009436;0.220866;-0.040222;,
  0.013564;0.158566;-0.061209;,
  0.012138;0.158554;-0.104012;,
  0.028544;0.086003;-0.090053;,
  0.023532;0.075188;-0.122806;,
  0.081287;0.227352;-0.045170;,
  0.075283;0.156555;-0.067730;,
  0.052702;0.090029;-0.089634;,
  0.083650;0.504971;0.007064;,
  -0.011219;0.485584;-0.038360;,
  -0.009999;0.453877;-0.018883;,
  -0.002388;0.471739;-0.022785;,
  0.090113;0.508735;0.061172;,
  0.042366;0.512128;0.089291;,
  0.083071;0.449953;0.054153;,
  0.040024;0.455949;0.082444;,
  0.037665;0.611799;0.060077;,
  0.072969;0.658864;0.050770;,
  0.085403;0.662783;0.034171;,
  0.082210;0.662095;-0.019622;,
  0.065635;0.610988;-0.014579;,
  0.070817;0.611371;0.036183;,
  0.050195;0.656682;-0.056965;,
  0.044217;0.605137;-0.044585;,
  -0.003623;0.657736;-0.066788;,
  -0.004303;0.599457;-0.051340;,
  0.106993;0.712332;-0.035928;,
  0.057306;0.711585;-0.015282;,
  0.131386;0.669817;-0.023183;,
  0.077566;0.655292;-0.001218;,
  0.104038;0.623498;0.022189;,
  0.147826;0.632936;0.003591;,
  0.076362;0.722267;0.041593;,
  0.095568;0.677928;0.058187;,
  0.077566;0.655292;-0.001218;,
  0.119264;0.614833;0.060748;,
  0.104038;0.623498;0.022189;,
  0.085692;0.727622;0.045156;,
  0.124626;0.734069;0.023781;,
  0.149411;0.692778;0.036184;,
  0.162953;0.623978;0.042176;,
  0.121375;0.724733;-0.012786;,
  0.142781;0.643237;-0.012751;,
  0.089915;0.633268;0.007405;,
  0.080555;0.607242;-0.046605;,
  0.114811;0.614933;-0.057316;,
  0.070809;0.578227;-0.082883;,
  0.092918;0.587700;-0.093364;,
  0.089915;0.633268;0.007405;,
  0.110068;0.580783;0.035833;,
  0.105925;0.560421;-0.025673;,
  0.080555;0.607242;-0.046605;,
  0.095756;0.553007;-0.074560;,
  0.070809;0.578227;-0.082883;,
  0.162597;0.590854;0.015771;,
  0.132161;0.566758;-0.033771;,
  0.105763;0.555845;-0.080052;,
  0.065489;0.605058;-0.204844;,
  0.058545;0.593134;-0.187713;,
  0.098056;0.568382;-0.175672;,
  0.104444;0.580427;-0.192561;,
  0.041168;0.583724;-0.146054;,
  0.045459;0.583026;-0.156394;,
  0.045775;0.593798;-0.158614;,
  0.036429;0.594338;-0.147057;,
  0.103299;0.552575;-0.122152;,
  0.112104;0.574403;-0.151169;,
  0.066231;0.597290;-0.138637;,
  0.056850;0.570057;-0.119163;,
  0.117935;0.584008;-0.107012;,
  0.119515;0.592922;-0.151605;,
  0.069662;0.602791;-0.102667;,
  0.075508;0.614909;-0.138753;,
  0.088656;0.778820;0.007490;,
  0.097687;0.775276;-0.020806;,
  0.059262;0.787427;-0.001501;,
  0.060120;0.779447;-0.024489;,
  0.081864;0.707659;0.051379;,
  0.028337;0.798779;-0.029181;,
  0.092706;0.755209;-0.039913;,
  0.061624;0.757356;-0.043183;,
  0.070303;0.737590;-0.043646;,
  0.086022;0.728995;-0.033958;,
  0.084569;0.752484;0.039351;,
  0.044440;0.745377;0.054937;,
  0.087242;0.755947;0.035215;,
  -0.013321;0.739001;0.056076;,
  -0.012913;0.788174;0.021598;,
  0.064861;0.790091;0.026188;,
  0.087242;0.755947;0.035215;,
  0.074996;0.722724;-0.013926;,
  0.086876;0.743960;0.027967;,
  0.057306;0.711585;-0.015282;,
  0.085995;0.700594;0.020254;,
  0.081229;0.692901;-0.013761;,
  0.077100;0.726215;-0.044716;,
  0.090322;0.705513;0.035868;,
  0.056850;0.570057;-0.119163;,
  0.014019;0.832405;-0.015399;,
  0.024071;0.825223;-0.035103;,
  -0.012200;0.811157;-0.002599;,
  -0.012360;0.836130;-0.008829;,
  0.075508;0.614909;-0.138753;,
  0.065489;0.605058;-0.204844;,
  0.104444;0.580427;-0.192561;,
  0.050178;0.582190;-0.128314;,
  0.045980;0.606889;-0.134897;,
  0.050178;0.582190;-0.128314;,
  0.059005;0.584860;-0.143539;,
  0.064822;0.608571;-0.146649;,
  0.064822;0.608571;-0.146649;,
  0.041168;0.583724;-0.146054;,
  0.036429;0.594338;-0.147057;,
  0.045775;0.593798;-0.158614;,
  0.076646;0.046530;-0.191237;,
  0.051245;0.053831;-0.232645;,
  0.052700;0.037056;-0.243405;,
  0.082120;0.026424;-0.202039;,
  0.010841;0.039520;-0.087888;,
  0.011092;0.004455;-0.084186;,
  0.013473;0.014826;-0.131833;,
  0.013841;0.039804;-0.129166;,
  0.028544;0.086003;-0.090053;,
  0.052702;0.090029;-0.089634;,
  0.052049;0.039056;-0.081832;,
  0.057262;0.010380;-0.122466;,
  0.045507;0.001534;-0.079476;,
  0.060638;0.044878;-0.117256;,
  0.040537;0.086555;-0.142709;,
  0.060471;0.079334;-0.115344;,
  0.016602;0.037913;-0.238283;,
  0.022329;0.051087;-0.227109;,
  0.082120;0.026424;-0.202039;,
  0.016602;0.037913;-0.238283;,
  -0.000191;0.379326;-0.061175;,
  0.016104;0.286535;-0.089188;,
  0.002665;0.216615;-0.095384;,
  0.012138;0.158554;-0.104012;,
  0.023532;0.075188;-0.122806;,
  0.023532;0.075188;-0.122806;,
  -0.005600;0.449876;0.032775;,
  0.035953;0.824827;-0.054596;,
  0.027860;0.818520;-0.073445;,
  0.018798;0.812311;-0.071126;,
  0.016906;0.817277;-0.051398;,
  0.027856;0.847198;-0.034298;,
  0.019501;0.860009;-0.015627;,
  0.011748;0.960097;-0.086874;,
  -0.007863;0.964833;-0.088069;,
  -0.007269;0.948620;-0.113128;,
  0.026384;0.887171;-0.123152;,
  0.022877;0.916429;-0.119343;,
  0.009605;0.885289;-0.130056;,
  0.041550;0.852676;-0.054800;,
  0.034108;0.838005;-0.079588;,
  0.034292;0.837330;-0.047540;,
  0.042669;0.889821;-0.042849;,
  0.043910;0.896369;-0.066464;,
  0.043865;0.931821;-0.077774;,
  0.035912;0.925577;-0.103810;,
  0.040363;0.888080;-0.092177;,
  0.028374;0.907293;-0.008982;,
  0.039662;0.896033;-0.027528;,
  -0.011023;0.910280;0.000748;,
  -0.010002;0.955304;-0.019287;,
  0.023098;0.951541;-0.028128;,
  0.040495;0.865816;-0.087727;,
  0.026649;0.857387;-0.110412;,
  0.025011;0.826496;-0.092087;,
  0.010468;0.800567;-0.100402;,
  -0.008810;0.795898;-0.109734;,
  -0.009427;0.797065;-0.088634;,
  0.018409;0.936935;-0.113697;,
  0.031265;0.949800;-0.084345;,
  0.038728;0.945910;-0.045932;,
  0.025686;0.961876;-0.057632;,
  -0.008901;0.971174;-0.051224;,
  0.008359;0.968445;-0.052673;,
  -0.011226;0.870519;-0.005020;,
  0.038728;0.945910;-0.045932;,
  0.025686;0.961876;-0.057632;,
  0.046518;0.883229;-0.055138;,
  0.046073;0.855208;-0.055697;,
  0.052632;0.884785;-0.041780;,
  0.049991;0.902365;-0.052814;,
  0.052632;0.884785;-0.041780;,
  0.046073;0.855208;-0.055697;,
  0.049991;0.902365;-0.052814;,
  0.043910;0.896369;-0.066464;,
  0.044270;0.871383;-0.069456;,
  0.041550;0.852676;-0.054800;,
  0.026668;0.879390;-0.113762;,
  0.044270;0.871383;-0.069456;,
  0.028337;0.798779;-0.029181;,
  0.024071;0.825223;-0.035103;,
  0.060120;0.779447;-0.024489;,
  0.027856;0.847198;-0.034298;,
  -0.008009;0.769284;-0.057582;,
  -0.007148;0.745461;-0.060103;,
  -0.009759;0.546353;-0.051142;,
  0.000480;0.510100;0.093113;,
  0.000215;0.475904;0.095792;,
  -0.000890;0.453862;0.090387;,
  -0.009251;0.798202;-0.071264;,
  -0.005600;0.449876;0.032775;,
  0.008359;0.968445;-0.052673;,
  -0.008901;0.971174;-0.051224;,
  0.011664;0.831008;-0.110184;,
  0.004635;0.852572;-0.120549;,
  0.004703;0.842986;-0.119402;,
  -0.007053;0.937485;-0.123895;,
  -0.006982;0.914007;-0.133703;,
  0.007142;0.877803;-0.119694;,
  -0.009807;0.610594;0.059976;,
  0.060120;0.779447;-0.024489;,
  0.052700;0.037056;-0.243405;,
  0.010973;0.824534;-0.109031;,
  0.003478;0.821600;-0.115852;,
  0.003256;0.826869;-0.112970;,
  -0.007558;0.848553;-0.135072;,
  -0.007938;0.841427;-0.124594;,
  0.003193;0.830084;-0.118294;,
  -0.008391;0.827204;-0.113871;,
  -0.008319;0.819693;-0.118685;,
  -0.007173;0.883407;-0.136960;,
  -0.007410;0.874655;-0.131787;,
  0.086876;0.743960;0.027967;,
  -0.008115;0.829747;-0.122341;,
  0.069766;0.728572;0.002234;,
  0.074996;0.722724;-0.013926;,
  0.077100;0.726215;-0.044716;,
  0.039662;0.896033;-0.027528;,
  0.042155;0.238763;-0.118932;,
  -0.001483;0.237322;-0.114173;,
  0.011501;0.161372;-0.119729;,
  0.039315;0.165678;-0.130830;,
  0.040357;0.302496;-0.129327;,
  -0.002544;0.294805;-0.118870;,
  0.045158;0.389570;-0.088671;,
  -0.006255;0.380036;-0.078777;,
  0.044675;0.474703;-0.043387;,
  -0.003322;0.463557;-0.048320;,
  0.030683;0.494534;-0.031483;,
  0.013886;0.089887;-0.127118;,
  0.040537;0.086555;-0.142709;,
  0.022201;0.151188;-0.039951;,
  0.024097;0.083849;-0.057062;,
  0.017434;0.118525;-0.017388;,
  0.013408;0.181002;0.008715;,
  0.008180;0.241307;0.028587;,
  0.014960;0.216335;-0.027449;,
  0.007713;0.294910;0.054306;,
  0.018148;0.264357;-0.020262;,
  0.012687;0.342823;0.020910;,
  0.000508;0.373504;0.068693;,
  0.000734;0.448837;0.098106;,
  0.069766;0.728572;0.002234;,
  -0.079724;0.752293;-0.045561;,
  -0.086402;0.732157;-0.047644;,
  -0.040976;0.750235;-0.053888;,
  -0.037360;0.781825;-0.042023;,
  -0.091208;0.721107;-0.053491;,
  -0.097264;0.689608;-0.038609;,
  -0.058775;0.684369;-0.066910;,
  -0.046930;0.716728;-0.066555;,
  -0.040949;0.807452;-0.008220;,
  -0.060100;0.791952;0.023810;,
  -0.089832;0.785162;0.019004;,
  -0.080308;0.782200;-0.003782;,
  -0.086289;0.556874;0.049301;,
  -0.080949;0.565262;0.041449;,
  -0.046163;0.565501;0.061737;,
  -0.043002;0.555656;0.070446;,
  -0.078837;0.558372;-0.014176;,
  -0.090681;0.535100;0.012204;,
  -0.052837;0.549439;-0.045415;,
  -0.078871;0.506896;-0.014203;,
  -0.051050;0.495720;-0.024431;,
  -0.003404;0.563004;0.059542;,
  -0.001156;0.550799;0.067316;,
  -0.063672;0.658873;0.060155;,
  -0.069595;0.702192;0.060346;,
  -0.012948;0.702330;0.068169;,
  -0.011990;0.661358;0.067158;,
  -0.065396;0.456235;-0.020304;,
  -0.096249;0.458170;0.019767;,
  -0.100497;0.357170;0.021018;,
  -0.065619;0.357853;-0.011208;,
  -0.085368;0.267055;0.042692;,
  -0.060794;0.260874;-0.003559;,
  -0.014451;0.461214;-0.004020;,
  -0.015778;0.362004;0.009188;,
  -0.014954;0.369283;0.084804;,
  -0.007592;0.449222;0.083795;,
  -0.029276;0.267784;0.033868;,
  -0.028605;0.278815;0.074481;,
  -0.094776;0.364780;0.085085;,
  -0.085258;0.447775;0.079581;,
  -0.069261;0.279534;0.077812;,
  -0.059266;0.012709;0.147615;,
  -0.049938;0.019266;0.191599;,
  -0.015280;0.020475;0.188074;,
  -0.014978;0.013769;0.139718;,
  -0.055737;0.211997;0.040102;,
  -0.084588;0.220251;0.070342;,
  -0.075527;0.152257;0.099952;,
  -0.048891;0.144446;0.069784;,
  -0.060927;0.080741;0.132559;,
  -0.043740;0.073753;0.103042;,
  -0.011366;0.205753;0.064529;,
  -0.017340;0.152774;0.090851;,
  -0.012000;0.176436;0.126145;,
  -0.009682;0.239875;0.108570;,
  -0.024501;0.073513;0.126826;,
  -0.027022;0.098809;0.148139;,
  -0.073606;0.172375;0.132773;,
  -0.081702;0.243965;0.113629;,
  -0.051335;0.102544;0.149120;,
  -0.096311;0.507581;0.022591;,
  -0.014451;0.461214;-0.004020;,
  -0.041366;0.513343;0.096516;,
  -0.093301;0.511395;0.076997;,
  -0.039534;0.468627;0.098828;,
  -0.086288;0.461656;0.081942;,
  -0.057090;0.610358;0.055620;,
  -0.094146;0.655217;0.040773;,
  -0.104638;0.658636;0.022802;,
  -0.087780;0.608959;0.028723;,
  -0.077759;0.608808;-0.021325;,
  -0.094909;0.658230;-0.030218;,
  -0.053400;0.603652;-0.049177;,
  -0.058380;0.654313;-0.063461;,
  -0.119054;0.702721;-0.035516;,
  -0.140044;0.658130;-0.023855;,
  -0.070824;0.706738;-0.011992;,
  -0.152147;0.615391;-0.002860;,
  -0.108573;0.609155;0.017644;,
  -0.086488;0.648824;0.001346;,
  -0.094128;0.715744;0.043575;,
  -0.086488;0.648824;0.001346;,
  -0.110020;0.669839;0.059399;,
  -0.108573;0.609155;0.017644;,
  -0.128630;0.611414;0.064136;,
  -0.104115;0.720204;0.046541;,
  -0.163628;0.679465;0.034155;,
  -0.142153;0.722876;0.022868;,
  -0.172111;0.617461;0.043739;,
  -0.135882;0.713778;-0.013364;,
  -0.149704;0.607722;-0.018931;,
  -0.131112;0.556233;-0.042862;,
  -0.097915;0.548359;-0.029318;,
  -0.097827;0.598977;0.004148;,
  -0.118410;0.511420;-0.060508;,
  -0.095867;0.510674;-0.045387;,
  -0.097827;0.598977;0.004148;,
  -0.097915;0.548359;-0.029318;,
  -0.129126;0.524038;0.012015;,
  -0.124264;0.571727;0.054698;,
  -0.095867;0.510674;-0.045387;,
  -0.119972;0.489557;-0.023841;,
  -0.154462;0.530499;0.001508;,
  -0.175868;0.580511;0.031785;,
  -0.134371;0.492170;-0.032613;,
  -0.054840;0.443779;-0.140352;,
  -0.087038;0.419977;-0.114432;,
  -0.085276;0.428515;-0.094554;,
  -0.052730;0.452823;-0.120412;,
  -0.057684;0.485601;-0.086373;,
  -0.054114;0.492733;-0.094887;,
  -0.057226;0.480164;-0.102206;,
  -0.056825;0.475962;-0.092045;,
  -0.103103;0.458874;-0.049541;,
  -0.075073;0.496606;-0.065747;,
  -0.083893;0.488649;-0.098424;,
  -0.104762;0.442644;-0.083152;,
  -0.117698;0.445250;-0.098117;,
  -0.134275;0.472757;-0.065882;,
  -0.105979;0.513055;-0.082538;,
  -0.098088;0.489956;-0.112327;,
  -0.107951;0.770667;0.008858;,
  -0.117669;0.766549;-0.019131;,
  -0.080289;0.774185;-0.025875;,
  -0.080308;0.782200;-0.003782;,
  -0.105357;0.702703;0.040705;,
  -0.048954;0.796376;-0.033362;,
  -0.111526;0.747068;-0.038632;,
  -0.101659;0.721463;-0.032536;,
  -0.086402;0.732157;-0.047644;,
  -0.079724;0.752293;-0.045561;,
  -0.108932;0.746523;0.029856;,
  -0.111278;0.749791;0.025660;,
  -0.070891;0.741903;0.048616;,
  -0.013321;0.739001;0.056076;,
  -0.012913;0.788174;0.021598;,
  -0.089832;0.785162;0.019004;,
  -0.111278;0.749791;0.025660;,
  -0.091662;0.717407;-0.021228;,
  -0.070824;0.706738;-0.011992;,
  -0.108383;0.737689;0.019601;,
  -0.096439;0.688197;-0.023891;,
  -0.105495;0.695525;0.009336;,
  -0.091208;0.721107;-0.053491;,
  -0.111848;0.700161;0.024341;,
  -0.075073;0.496606;-0.065747;,
  -0.046244;0.823848;-0.037792;,
  -0.038000;0.831388;-0.017388;,
  -0.012360;0.836130;-0.008829;,
  -0.012200;0.811157;-0.002599;,
  -0.098088;0.489956;-0.112327;,
  -0.054840;0.443779;-0.140352;,
  -0.087038;0.419977;-0.114432;,
  -0.069313;0.504343;-0.100433;,
  -0.073438;0.493697;-0.077182;,
  -0.073438;0.493697;-0.077182;,
  -0.074787;0.480478;-0.089026;,
  -0.081015;0.488836;-0.111322;,
  -0.081015;0.488836;-0.111322;,
  -0.054114;0.492733;-0.094887;,
  -0.057684;0.485601;-0.086373;,
  -0.057226;0.480164;-0.102206;,
  -0.074405;0.022868;0.069643;,
  -0.079633;0.000255;0.066145;,
  -0.047906;-0.003954;0.025337;,
  -0.046742;0.015507;0.029721;,
  -0.014256;0.052112;0.172538;,
  -0.015074;0.038133;0.133591;,
  -0.014978;0.013769;0.139718;,
  -0.015280;0.020475;0.188074;,
  -0.027022;0.098809;0.148139;,
  -0.055728;0.053655;0.176102;,
  -0.051335;0.102544;0.149120;,
  -0.059266;0.012709;0.147615;,
  -0.062343;0.046878;0.140425;,
  -0.049938;0.019266;0.191599;,
  -0.043740;0.073753;0.103042;,
  -0.060927;0.080741;0.132559;,
  -0.018207;0.014918;0.037448;,
  -0.012117;-0.001287;0.031831;,
  -0.012117;-0.001287;0.031831;,
  -0.079633;0.000255;0.066145;,
  -0.015778;0.362004;0.009188;,
  -0.029276;0.267784;0.033868;,
  -0.011366;0.205753;0.064529;,
  -0.017340;0.152774;0.090851;,
  -0.024501;0.073513;0.126826;,
  -0.024501;0.073513;0.126826;,
  -0.056222;0.825696;-0.057342;,
  -0.037562;0.816212;-0.053481;,
  -0.038352;0.812850;-0.072829;,
  -0.047142;0.819227;-0.075679;,
  -0.048928;0.847922;-0.036586;,
  -0.041460;0.860584;-0.017443;,
  -0.027595;0.960468;-0.088046;,
  -0.007863;0.964833;-0.088069;,
  -0.041417;0.887810;-0.125172;,
  -0.024295;0.885609;-0.131066;,
  -0.037592;0.916999;-0.121145;,
  -0.052645;0.838823;-0.082173;,
  -0.061272;0.853645;-0.057863;,
  -0.054749;0.838169;-0.050193;,
  -0.062400;0.890812;-0.045980;,
  -0.062110;0.897369;-0.069623;,
  -0.057195;0.889000;-0.095084;,
  -0.051354;0.926399;-0.106410;,
  -0.060724;0.932807;-0.080890;,
  -0.060195;0.896974;-0.030504;,
  -0.049820;0.908030;-0.011311;,
  -0.011023;0.910280;0.000748;,
  -0.042582;0.952160;-0.030085;,
  -0.010002;0.955304;-0.019287;,
  -0.058011;0.866744;-0.090662;,
  -0.043038;0.827138;-0.094114;,
  -0.043001;0.858043;-0.112487;,
  -0.028517;0.800935;-0.101564;,
  -0.033082;0.937420;-0.115231;,
  -0.047419;0.950542;-0.086689;,
  -0.043214;0.962525;-0.059685;,
  -0.057227;0.946814;-0.048791;,
  -0.026092;0.968770;-0.053699;,
  -0.008901;0.971174;-0.051224;,
  -0.011226;0.870519;-0.005020;,
  -0.057227;0.946814;-0.048791;,
  -0.043214;0.962525;-0.059685;,
  -0.072333;0.885963;-0.045503;,
  -0.065588;0.856260;-0.059024;,
  -0.065635;0.884287;-0.058480;,
  -0.068696;0.903484;-0.056350;,
  -0.065588;0.856260;-0.059024;,
  -0.072333;0.885963;-0.045503;,
  -0.068696;0.903484;-0.056350;,
  -0.062110;0.897369;-0.069623;,
  -0.062762;0.872392;-0.072645;,
  -0.061272;0.853645;-0.057863;,
  -0.042406;0.880041;-0.115820;,
  -0.062762;0.872392;-0.072645;,
  -0.046244;0.823848;-0.037792;,
  -0.048954;0.796376;-0.033362;,
  -0.080289;0.774185;-0.025875;,
  -0.048928;0.847922;-0.036586;,
  0.000480;0.510100;0.093113;,
  0.000215;0.475904;0.095792;,
  -0.000890;0.453862;0.090387;,
  -0.005600;0.449876;0.032775;,
  -0.026092;0.968770;-0.053699;,
  -0.008901;0.971174;-0.051224;,
  -0.028555;0.831388;-0.111382;,
  -0.020833;0.843226;-0.120163;,
  -0.020517;0.852809;-0.121298;,
  -0.022594;0.878083;-0.120580;,
  -0.009807;0.610594;0.059976;,
  -0.080289;0.774185;-0.025875;,
  -0.047906;-0.003954;0.025337;,
  -0.020225;0.821823;-0.116558;,
  -0.028056;0.824902;-0.110194;,
  -0.020076;0.827089;-0.113666;,
  -0.019636;0.830299;-0.118974;,
  -0.108383;0.737689;0.019601;,
  -0.088371;0.723585;-0.004807;,
  -0.091662;0.717407;-0.021228;,
  -0.091208;0.721107;-0.053491;,
  -0.060195;0.896974;-0.030504;,
  -0.028211;0.215843;-0.025022;,
  -0.028403;0.142253;-0.002528;,
  -0.014800;0.152371;-0.071712;,
  -0.018845;0.228688;-0.075230;,
  -0.036478;0.268155;-0.038002;,
  -0.022958;0.281019;-0.080676;,
  -0.023072;0.359837;-0.033849;,
  -0.015647;0.363845;-0.058199;,
  -0.017649;0.447080;-0.033253;,
  -0.010121;0.446316;-0.040400;,
  -0.011219;0.485584;-0.038360;,
  -0.051050;0.495720;-0.024431;,
  -0.024350;0.072087;0.012785;,
  -0.012693;0.087080;-0.072220;,
  -0.002174;0.109758;0.155122;,
  -0.051321;0.102546;0.149120;,
  -0.073606;0.172375;0.132773;,
  -0.010210;0.178256;0.133480;,
  -0.081702;0.243965;0.113629;,
  -0.016158;0.241135;0.124606;,
  -0.018379;0.286948;0.106604;,
  -0.069261;0.279534;0.077812;,
  -0.094776;0.364780;0.085085;,
  -0.011958;0.370903;0.101972;,
  0.000215;0.475904;0.095792;,
  -0.039534;0.468627;0.098828;,
  -0.088371;0.723585;-0.004807;,
  -0.065396;0.456235;-0.020304;,
  -0.065619;0.357853;-0.011208;,
  -0.060794;0.260874;-0.003559;,
  -0.055737;0.211997;0.040102;,
  -0.048891;0.144446;0.069784;,
  -0.043740;0.073753;0.103042;,
  0.081646;0.431435;0.039674;,
  0.091087;0.350363;-0.007900;,
  0.040024;0.455949;0.082444;,
  0.063448;0.276956;-0.052483;,
  0.081287;0.227352;-0.045170;,
  0.075283;0.156555;-0.067730;,
  0.052702;0.090029;-0.089634;,
  -0.085258;0.447775;0.079581;;
  916;
  3;0,2,1;,
  3;2,0,3;,
  3;4,6,5;,
  3;6,4,7;,
  3;8,10,9;,
  3;10,8,11;,
  3;12,14,13;,
  3;14,12,15;,
  3;16,12,17;,
  3;12,16,15;,
  3;18,20,19;,
  3;20,18,16;,
  3;5,22,21;,
  3;22,5,6;,
  3;13,24,23;,
  3;24,13,14;,
  3;25,27,26;,
  3;27,25,28;,
  3;29,31,30;,
  3;31,29,32;,
  3;31,33,30;,
  3;33,31,34;,
  3;35,37,36;,
  3;37,35,38;,
  3;38,39,37;,
  3;39,38,40;,
  3;36,42,41;,
  3;42,36,37;,
  3;37,43,42;,
  3;43,37,39;,
  3;41,31,32;,
  3;31,41,42;,
  3;42,34,31;,
  3;34,42,43;,
  3;44,46,45;,
  3;46,44,47;,
  3;48,50,49;,
  3;50,48,51;,
  3;49,53,52;,
  3;53,49,50;,
  3;54,56,55;,
  3;56,54,57;,
  3;57,58,56;,
  3;58,57,59;,
  3;55,61,60;,
  3;61,55,56;,
  3;56,62,61;,
  3;62,56,58;,
  3;60,50,51;,
  3;50,60,61;,
  3;61,53,50;,
  3;53,61,62;,
  3;32,20,63;,
  3;20,32,29;,
  3;64,66,65;,
  3;66,64,19;,
  3;13,67,12;,
  3;67,13,68;,
  3;68,69,67;,
  3;69,68,70;,
  3;70,41,69;,
  3;41,70,36;,
  3;48,34,51;,
  3;34,48,33;,
  3;51,43,60;,
  3;43,51,34;,
  3;43,55,60;,
  3;55,43,39;,
  3;39,54,55;,
  3;54,39,40;,
  3;12,63,17;,
  3;63,12,67;,
  3;67,32,63;,
  3;32,67,69;,
  3;69,41,32;,
  3;71,72,25;,
  3;73,75,74;,
  3;75,73,76;,
  3;75,77,74;,
  3;77,75,78;,
  3;79,78,80;,
  3;78,79,77;,
  3;81,83,82;,
  3;83,85,84;,
  3;85,83,86;,
  3;87,89,88;,
  3;89,90,88;,
  3;90,89,91;,
  3;92,94,93;,
  3;92,88,94;,
  3;92,87,88;,
  3;88,95,94;,
  3;95,88,90;,
  3;96,94,83;,
  3;94,86,83;,
  3;86,94,95;,
  3;97,99,98;,
  3;99,97,100;,
  3;100,101,99;,
  3;101,100,102;,
  3;103,105,104;,
  3;105,103,106;,
  3;106,107,105;,
  3;107,106,108;,
  3;104,110,109;,
  3;110,104,105;,
  3;105,111,110;,
  3;111,105,107;,
  3;109,100,97;,
  3;100,109,110;,
  3;110,102,100;,
  3;102,110,111;,
  3;112,114,113;,
  3;114,112,115;,
  3;116,118,117;,
  3;118,116,119;,
  3;120,122,121;,
  3;122,120,123;,
  3;120,125,124;,
  3;125,120,121;,
  3;126,125,127;,
  3;125,126,124;,
  3;95,97,86;,
  3;97,95,109;,
  3;86,98,85;,
  3;98,86,97;,
  3;90,103,104;,
  3;103,90,91;,
  3;104,95,90;,
  3;95,104,109;,
  3;128,96,129;,
  3;96,128,93;,
  3;129,130,128;,
  3;130,129,131;,
  3;72,28,25;,
  3;28,72,132;,
  3;9,133,8;,
  3;134,136,135;,
  3;136,134,137;,
  3;81,137,134;,
  3;138,11,139;,
  3;138,10,11;,
  3;138,140,10;,
  3;141,11,142;,
  3;11,141,139;,
  3;128,130,143;,
  3;93,144,92;,
  3;93,143,144;,
  3;93,128,143;,
  3;145,87,146;,
  3;87,145,147;,
  3;74,148,73;,
  3;148,74,149;,
  3;150,147,145;,
  3;7,149,74;,
  3;148,151,73;,
  3;102,152,101;,
  3;152,102,126;,
  3;102,124,126;,
  3;124,102,111;,
  3;111,120,124;,
  3;120,111,107;,
  3;120,108,123;,
  3;108,120,107;,
  3;8,154,153;,
  3;154,8,133;,
  3;153,155,8;,
  3;155,153,156;,
  3;121,113,114;,
  3;113,121,122;,
  3;122,112,113;,
  3;112,122,157;,
  3;158,125,159;,
  3;125,158,127;,
  3;159,121,114;,
  3;121,159,125;,
  3;126,160,152;,
  3;160,126,161;,
  3;162,122,123;,
  3;122,162,163;,
  3;122,164,157;,
  3;164,122,163;,
  3;165,126,127;,
  3;126,165,161;,
  3;161,166,160;,
  3;166,161,167;,
  3;162,117,163;,
  3;117,162,116;,
  3;163,118,164;,
  3;118,163,117;,
  3;165,167,161;,
  3;167,165,168;,
  3;169,171,170;,
  3;171,169,172;,
  3;173,175,174;,
  3;175,173,176;,
  3;177,179,178;,
  3;179,177,173;,
  3;180,179,181;,
  3;179,180,182;,
  3;183,169,170;,
  3;169,183,184;,
  3;175,186,185;,
  3;186,175,176;,
  3;45,187,44;,
  3;187,45,188;,
  3;180,169,182;,
  3;169,180,172;,
  3;19,29,66;,
  3;20,29,19;,
  3;29,30,189;,
  3;30,190,189;,
  3;190,30,33;,
  3;33,191,190;,
  3;191,33,48;,
  3;191,49,192;,
  3;49,191,48;,
  3;192,52,193;,
  3;52,192,49;,
  3;194,170,186;,
  3;170,194,183;,
  3;170,185,186;,
  3;185,170,171;,
  3;186,176,194;,
  3;194,173,177;,
  3;173,194,176;,
  3;179,174,181;,
  3;174,179,173;,
  3;178,182,184;,
  3;182,178,179;,
  3;182,169,184;,
  3;16,17,20;,
  3;17,63,20;,
  3;66,195,65;,
  3;196,198,197;,
  3;198,196,199;,
  3;200,153,154;,
  3;153,200,201;,
  3;202,204,203;,
  3;205,207,206;,
  3;196,209,208;,
  3;209,196,197;,
  3;210,208,211;,
  3;208,210,196;,
  3;212,214,213;,
  3;214,212,215;,
  3;212,213,211;,
  3;201,217,216;,
  3;217,201,200;,
  3;218,220,219;,
  3;220,218,216;,
  3;210,199,196;,
  3;214,205,206;,
  3;221,223,222;,
  3;197,198,224;,
  3;224,226,225;,
  3;226,224,198;,
  3;227,214,206;,
  3;228,229,213;,
  3;229,228,230;,
  3;219,232,231;,
  3;214,228,213;,
  3;156,201,233;,
  3;201,156,153;,
  3;233,216,218;,
  3;216,233,201;,
  3;220,216,234;,
  3;235,220,234;,
  3;236,238,237;,
  3;238,236,239;,
  3;208,240,211;,
  3;240,208,241;,
  3;211,242,212;,
  3;242,211,240;,
  3;243,236,244;,
  3;236,243,239;,
  3;244,237,245;,
  3;237,244,236;,
  3;246,221,222;,
  3;221,246,215;,
  3;221,212,247;,
  3;212,221,215;,
  3;199,248,1;,
  3;248,199,249;,
  3;133,9,250;,
  3;249,210,251;,
  3;210,249,199;,
  3;210,211,251;,
  3;252,2,253;,
  3;2,252,1;,
  3;19,254,18;,
  3;254,19,64;,
  3;23,68,13;,
  3;68,23,255;,
  3;68,256,70;,
  3;256,68,255;,
  3;256,36,70;,
  3;36,256,257;,
  3;258,1,252;,
  3;1,258,199;,
  3;257,259,36;,
  3;36,259,35;,
  3;260,203,261;,
  3;203,260,202;,
  3;262,263,222;,
  3;263,262,264;,
  3;198,258,226;,
  3;258,198,199;,
  3;265,204,227;,
  3;265,206,266;,
  3;206,265,227;,
  3;222,267,246;,
  3;267,222,263;,
  3;89,87,147;,
  3;82,83,84;,
  3;78,16,18;,
  3;16,78,75;,
  3;75,15,16;,
  3;15,75,76;,
  3;15,71,14;,
  3;71,15,76;,
  3;14,268,24;,
  3;268,14,71;,
  3;248,269,1;,
  3;1,269,0;,
  3;135,129,134;,
  3;129,135,131;,
  3;134,96,81;,
  3;96,134,129;,
  3;96,83,81;,
  3;94,96,93;,
  3;29,189,66;,
  3;205,215,246;,
  3;267,205,246;,
  3;205,267,207;,
  3;205,214,215;,
  3;187,188,270;,
  3;224,272,271;,
  3;223,221,209;,
  3;224,223,197;,
  3;271,273,262;,
  3;273,271,272;,
  3;263,275,274;,
  3;273,276,262;,
  3;277,272,278;,
  3;272,277,273;,
  3;223,271,262;,
  3;271,223,224;,
  3;223,209,197;,
  3;208,221,247;,
  3;221,208,209;,
  3;222,223,262;,
  3;266,207,279;,
  3;207,266,206;,
  3;207,280,279;,
  3;280,207,267;,
  3;280,263,274;,
  3;263,280,267;,
  3;264,262,276;,
  3;76,73,72;,
  3;138,281,140;,
  3;73,132,72;,
  3;132,73,151;,
  3;72,71,76;,
  3;272,225,278;,
  3;155,11,8;,
  3;276,277,282;,
  3;277,276,273;,
  3;275,276,282;,
  3;276,275,264;,
  3;28,141,27;,
  3;141,28,139;,
  3;139,132,138;,
  3;132,139,28;,
  3;132,281,138;,
  3;281,132,151;,
  3;281,148,283;,
  3;148,281,151;,
  3;283,149,284;,
  3;149,283,148;,
  3;7,284,149;,
  3;284,7,4;,
  3;6,79,22;,
  3;79,6,77;,
  3;77,7,74;,
  3;7,77,6;,
  3;5,3,4;,
  3;3,5,2;,
  3;285,137,82;,
  3;137,285,136;,
  3;137,81,82;,
  3;92,146,87;,
  3;146,92,144;,
  3;2,21,253;,
  3;21,2,5;,
  3;286,213,229;,
  3;251,211,286;,
  3;213,286,211;,
  3;234,216,217;,
  3;227,202,228;,
  3;202,230,228;,
  3;230,202,260;,
  3;232,220,235;,
  3;228,214,227;,
  3;26,71,25;,
  3;71,26,268;,
  3;155,142,11;,
  3;18,80,78;,
  3;80,18,254;,
  3;272,224,225;,
  3;275,263,264;,
  3;202,227,204;,
  3;232,219,220;,
  3;287,289,288;,
  3;289,287,290;,
  3;291,288,292;,
  3;288,291,287;,
  3;293,292,294;,
  3;292,293,291;,
  3;295,294,296;,
  3;294,295,293;,
  3;296,297,295;,
  3;298,290,299;,
  3;290,298,289;,
  3;300,302,301;,
  3;302,300,303;,
  3;304,300,305;,
  3;300,304,303;,
  3;306,305,307;,
  3;305,306,304;,
  3;308,306,307;,
  3;306,308,309;,
  3;308,310,309;,
  3;145,146,311;,
  3;312,314,313;,
  3;314,312,315;,
  3;316,318,317;,
  3;318,316,319;,
  3;320,322,321;,
  3;322,320,323;,
  3;324,326,325;,
  3;326,324,327;,
  3;328,324,325;,
  3;324,328,329;,
  3;330,331,328;,
  3;331,330,332;,
  3;319,22,318;,
  3;22,319,21;,
  3;327,333,326;,
  3;333,327,334;,
  3;335,337,336;,
  3;337,335,338;,
  3;339,341,340;,
  3;341,339,342;,
  3;341,344,343;,
  3;344,341,342;,
  3;345,347,346;,
  3;347,345,348;,
  3;346,350,349;,
  3;350,346,347;,
  3;348,351,347;,
  3;351,348,352;,
  3;347,353,350;,
  3;353,347,351;,
  3;352,341,351;,
  3;341,352,340;,
  3;351,343,353;,
  3;343,351,341;,
  3;354,356,355;,
  3;356,354,357;,
  3;358,360,359;,
  3;360,358,361;,
  3;361,362,360;,
  3;362,361,363;,
  3;364,366,365;,
  3;366,364,367;,
  3;365,369,368;,
  3;369,365,366;,
  3;367,370,366;,
  3;370,367,371;,
  3;366,372,369;,
  3;372,366,370;,
  3;371,360,370;,
  3;360,371,359;,
  3;370,362,372;,
  3;362,370,360;,
  3;340,331,339;,
  3;331,340,373;,
